-0.1200000000 1.0005119645 0.0005000000 B000 1.0000000000
-0.1159322034 1.0001507771 0.0005084746 B000 1.0000000000
-0.1118644068 1.0006746008 0.0005169492 B000 1.0000000000
-0.1077966102 0.9999045946 0.0005254237 B000 1.0000000000
-0.1037288136 0.9993060040 0.0005338983 B000 1.0000000000
-0.0996610169 1.0001269536 0.0005423729 B000 1.0000000000
-0.0955932203 1.0003763213 0.0005508475 B000 1.0000000000
-0.0915254237 0.9986972048 0.0005593220 B000 1.0000000000
-0.0874576271 0.9998859678 0.0005677966 B000 1.0000000000
-0.0833898305 0.9995904021 0.0005762712 B000 1.0000000000
-0.0793220339 0.9994919938 0.0005847458 B000 1.0000000000
-0.0752542373 1.0002287788 0.0005932203 B000 1.0000000000
-0.0711864407 0.9995278722 0.0006016949 B000 1.0000000000
-0.0671186441 1.0002075457 0.0006101695 B000 1.0000000000
-0.0630508475 0.9989761736 0.0006186441 B000 1.0000000000
-0.0589830508 0.9996210886 0.0006271186 B000 1.0000000000
-0.0549152542 1.0008526856 0.0006355932 B000 1.0000000000
-0.0508474576 0.9997700036 0.0006440678 B000 1.0000000000
-0.0467796610 0.9977636884 0.0006525424 B000 1.0000000000
-0.0427118644 0.9948880351 0.0006610169 B000 1.0000000000
-0.0386440678 0.9932095508 0.0006694915 B000 1.0000000000
-0.0345762712 0.9933126074 0.0006779661 B000 1.0000000000
-0.0305084746 0.9924808717 0.0006864407 B000 1.0000000000
-0.0264406780 0.9930285870 0.0006949153 B000 1.0000000000
-0.0223728814 0.9941671827 0.0007033898 B000 1.0000000000
-0.0183050847 0.9930594928 0.0007118644 B000 1.0000000000
-0.0142372881 0.9940010503 0.0007203390 B000 1.0000000000
-0.0101694915 0.9932667171 0.0007288136 B000 1.0000000000
-0.0061016949 0.9928294943 0.0007372881 B000 1.0000000000
-0.0020338983 0.9928879188 0.0007457627 B000 1.0000000000
0.0020338983 0.9936798383 0.0007542373 B000 1.0000000000
0.0061016949 0.9926542875 0.0007627119 B000 1.0000000000
0.0101694915 0.9936051617 0.0007711864 B000 1.0000000000
0.0142372881 0.9924691045 0.0007796610 B000 1.0000000000
0.0183050847 0.9931768965 0.0007881356 B000 1.0000000000
0.0223728814 0.9923728211 0.0007966102 B000 1.0000000000
0.0264406780 0.9930534210 0.0008050847 B000 1.0000000000
0.0305084746 0.9940419048 0.0008135593 B000 1.0000000000
0.0345762712 0.9931678118 0.0008220339 B000 1.0000000000
0.0386440678 0.9935931946 0.0008305085 B000 1.0000000000
0.0427118644 0.9934475857 0.0008389831 B000 1.0000000000
0.0467796610 0.9967395310 0.0008474576 B000 1.0000000000
0.0508474576 0.9979871328 0.0008559322 B000 1.0000000000
0.0549152542 0.9992508663 0.0008644068 B000 1.0000000000
0.0589830508 1.0007686738 0.0008728814 B000 1.0000000000
0.0630508475 1.0000735512 0.0008813559 B000 1.0000000000
0.0671186441 1.0006622279 0.0008898305 B000 1.0000000000
0.0711864407 0.9998971910 0.0008983051 B000 1.0000000000
0.0752542373 1.0006185358 0.0009067797 B000 1.0000000000
0.0793220339 0.9996442154 0.0009152542 B000 1.0000000000
0.0833898305 1.0002372642 0.0009237288 B000 1.0000000000
0.0874576271 1.0000715246 0.0009322034 B000 1.0000000000
0.0915254237 1.0015572204 0.0009406780 B000 1.0000000000
0.0955932203 1.0004935242 0.0009491525 B000 1.0000000000
0.0996610169 0.9999438736 0.0009576271 B000 1.0000000000
0.1037288136 1.0011335223 0.0009661017 B000 1.0000000000
0.1077966102 1.0008340036 0.0009745763 B000 1.0000000000
0.1118644068 1.0001328905 0.0009830508 B000 1.0000000000
0.1159322034 1.0000560108 0.0009915254 B000 1.0000000000
0.1200000000 0.9990775412 0.0010000000 B000 1.0000000000
